6462.4 724.9
6544.6 807.1
6386.5 0
6405.5 4
6462.4 442.9
6544.6 525.1
6352.5 0
6371.5 4
6462.4 160.9
6544.6 243.1
6318.5 0
6337.5 4
6321.4 724.9
6403.6 807.1
6251.5 0
6270.5 4
6321.4 583.9
6403.6 666.1
6217.5 0
6236.5 4
6321.4 442.9
6403.6 525.1
6183.5 0
6202.5 4
6321.4 160.9
6403.6 243.1
6116.5 0
6135.5 4
6180.4 724.9
6262.6 807.1
6082.5 0
6101.5 4
6180.4 442.9
6262.6 525.1
6048.5 0
6067.5 4
6180.4 160.9
6262.6 243.1
5981.5 0
6000.5 4
6039.4 583.9
6121.6 666.1
6039.4 301.9
6121.6 384.1
6321.4 301.9
6403.6 384.1
6039.4 442.9
6121.6 525.1
6180.4 583.9
6262.6 666.1
6462.4 583.9
6544.6 666.1
6039.4 724.9
6121.6 807.1
