963.4 583.9
1045.6 666.1
1031.5 169
1050.5 173
963.4 301.9
1045.6 384.1
822.4 442.9
904.6 525.1
906.5 255.75
925.5 259.75
822.4 160.9
904.6 243.1
876.5 169
895.5 173
681.4 301.9
763.6 384.1
756.5 169
775.5 173
540.4 160.9
622.6 243.1
726.5 169
745.5 173
117.4 301.9
199.6 384.1
258.4 442.9
340.6 525.1
3360.4 442.9
3442.6 525.1
3401.5 255.75
3420.5 259.75
3360.4 160.9
3442.6 243.1
3281.5 169
3300.5 173
3219.4 583.9
3301.6 666.1
3251.5 169
3270.5 173
3219.4 301.9
3301.6 384.1
3191.5 169
3210.5 173
3078.4 442.9
3160.6 525.1
3101.5 255.75
3120.5 259.75
3078.4 160.9
3160.6 243.1
2981.5 169
3000.5 173
2937.4 583.9
3019.6 666.1
2951.5 169
2970.5 173
2937.4 301.9
3019.6 384.1
2921.5 169
2940.5 173
2796.4 724.9
2878.6 807.1
2831.5 255.75
2850.5 259.75
2796.4 442.9
2878.6 525.1
2801.5 255.75
2820.5 259.75
2796.4 160.9
2878.6 243.1
2711.5 169
2730.5 173
2655.4 583.9
2737.6 666.1
2681.5 169
2700.5 173
2655.4 301.9
2737.6 384.1
2651.5 169
2670.5 173
2514.4 442.9
2596.6 525.1
2531.5 255.75
2550.5 259.75
2514.4 160.9
2596.6 243.1
2411.5 169
2430.5 173
2373.4 583.9
2455.6 666.1
2381.5 169
2400.5 173
2373.4 301.9
2455.6 384.1
2351.5 169
2370.5 173
2232.4 442.9
2314.6 525.1
2291.5 255.75
2310.5 259.75
2232.4 160.9
2314.6 243.1
2261.5 169
2280.5 173
2091.4 583.9
2173.6 666.1
2171.5 169
2190.5 173
2091.4 301.9
2173.6 384.1
2141.5 169
2160.5 173
1950.4 442.9
2032.6 525.1
2111.5 169
2130.5 173
1950.4 301.9
2032.6 384.1
2021.5 255.75
2040.5 259.75
1950.4 160.9
2032.6 243.1
1991.5 169
2010.5 173
1809.4 583.9
1891.6 666.1
1871.5 255.75
1890.5 259.75
1809.4 442.9
1891.6 525.1
1841.5 255.75
1860.5 259.75
1809.4 301.9
1891.6 384.1
1811.5 255.75
1830.5 259.75
1809.4 160.9
1891.6 243.1
1721.5 255.75
1740.5 259.75
1668.4 583.9
1750.6 666.1
1691.5 255.75
1710.5 259.75
1668.4 442.9
1750.6 525.1
1661.5 255.75
1680.5 259.75
1668.4 301.9
1750.6 384.1
1631.5 169
1650.5 173
1668.4 160.9
1750.6 243.1
1571.5 169
1590.5 173
1527.4 583.9
1609.6 666.1
1481.5 169
1500.5 173
1527.4 301.9
1609.6 384.1
1451.5 255.75
1470.5 259.75
1386.4 442.9
1468.6 525.1
1361.5 169
1380.5 173
1386.4 160.9
1468.6 243.1
1331.5 169
1350.5 173
1245.4 583.9
1327.6 666.1
1301.5 169
1320.5 173
1245.4 301.9
1327.6 384.1
1211.5 169
1230.5 173
1104.4 442.9
1186.6 525.1
1181.5 255.75
1200.5 259.75
1104.4 160.9
1186.6 243.1
1061.5 169
1080.5 173
5898.4 160.9
5980.6 243.1
5778.5 0
5797.5 4
5757.4 583.9
5839.6 666.1
5711.5 0
5730.5 4
5757.4 301.9
5839.6 384.1
5677.5 0
5696.5 4
5616.4 724.9
5698.6 807.1
5643.5 0
5662.5 4
5616.4 442.9
5698.6 525.1
5609.5 0
5628.5 4
5616.4 160.9
5698.6 243.1
5561.5 169
5580.5 173
5475.4 583.9
5557.6 666.1
5531.5 169
5550.5 173
5475.4 301.9
5557.6 384.1
5501.5 169
5520.5 173
5334.4 724.9
5416.6 807.1
5411.5 255.75
5430.5 259.75
5334.4 442.9
5416.6 525.1
5291.5 169
5310.5 173
5334.4 160.9
5416.6 243.1
5261.5 169
5280.5 173
5193.4 583.9
5275.6 666.1
5201.5 169
5220.5 173
5193.4 301.9
5275.6 384.1
5111.5 255.75
5130.5 259.75
5052.4 442.9
5134.6 525.1
5081.5 255.75
5100.5 259.75
5052.4 160.9
5134.6 243.1
4991.5 169
5010.5 173
4911.4 583.9
4993.6 666.1
4961.5 169
4980.5 173
4911.4 301.9
4993.6 384.1
4931.5 169
4950.5 173
4770.4 442.9
4852.6 525.1
4811.5 255.75
4830.5 259.75
4770.4 160.9
4852.6 243.1
4691.5 169
4710.5 173
4629.4 583.9
4711.6 666.1
4661.5 169
4680.5 173
4629.4 301.9
4711.6 384.1
4601.5 169
4620.5 173
4488.4 724.9
4570.6 807.1
4511.5 255.75
4530.5 259.75
4488.4 442.9
4570.6 525.1
4481.5 255.75
4500.5 259.75
4488.4 160.9
4570.6 243.1
4391.5 169
4410.5 173
4347.4 583.9
4429.6 666.1
4361.5 169
4380.5 173
4347.4 301.9
4429.6 384.1
4331.5 169
4350.5 173
4206.4 442.9
4288.6 525.1
4271.5 255.75
4290.5 259.75
4206.4 160.9
4288.6 243.1
4151.5 169
4170.5 173
4065.4 583.9
4147.6 666.1
4121.5 169
4140.5 173
4065.4 301.9
4147.6 384.1
4091.5 169
4110.5 173
3924.4 724.9
4006.6 807.1
3971.5 255.75
3990.5 259.75
3924.4 442.9
4006.6 525.1
3881.5 169
3900.5 173
3924.4 160.9
4006.6 243.1
3851.5 169
3870.5 173
3783.4 583.9
3865.6 666.1
3821.5 169
3840.5 173
3783.4 301.9
3865.6 384.1
3761.5 169
3780.5 173
3642.4 442.9
3724.6 525.1
3671.5 255.75
3690.5 259.75
3642.4 160.9
3724.6 243.1
3581.5 169
3600.5 173
3501.4 583.9
3583.6 666.1
3551.5 169
3570.5 173
3501.4 301.9
3583.6 384.1
3521.5 169
3540.5 173
3360.4 724.9
3442.6 807.1
3431.5 255.75
3450.5 259.75
7731.4 724.9
7813.6 807.1
7633.5 0
7652.5 4
7731.4 442.9
7813.6 525.1
7566.5 0
7585.5 4
7731.4 301.9
7813.6 384.1
7532.5 0
7551.5 4
7731.4 160.9
7813.6 243.1
7498.5 0
7517.5 4
7590.4 724.9
7672.6 807.1
7464.5 0
7483.5 4
7590.4 442.9
7672.6 525.1
7364.5 0
7383.5 4
7590.4 301.9
7672.6 384.1
7330.5 0
7349.5 4
7590.4 160.9
7672.6 243.1
7296.5 0
7315.5 4
7449.4 583.9
7531.6 666.1
7229.5 0
7248.5 4
7449.4 301.9
7531.6 384.1
7195.5 0
7214.5 4
7308.4 724.9
7390.6 807.1
7161.5 0
7180.5 4
7308.4 442.9
7390.6 525.1
7094.5 0
7113.5 4
7308.4 160.9
7390.6 243.1
7060.5 0
7079.5 4
7167.4 583.9
7249.6 666.1
6960.5 0
6979.5 4
7167.4 442.9
7249.6 525.1
6926.5 0
6945.5 4
7167.4 301.9
7249.6 384.1
6892.5 0
6911.5 4
7167.4 160.9
7249.6 243.1
6858.5 0
6877.5 4
7026.4 442.9
7108.6 525.1
6791.5 0
6810.5 4
7026.4 160.9
7108.6 243.1
6757.5 0
6776.5 4
6885.4 583.9
6967.6 666.1
6723.5 0
6742.5 4
6885.4 301.9
6967.6 384.1
6656.5 0
6675.5 4
6744.4 724.9
6826.6 807.1
6622.5 0
6641.5 4
6744.4 442.9
6826.6 525.1
6588.5 0
6607.5 4
6744.4 160.9
6826.6 243.1
6521.5 0
6540.5 4
6603.4 583.9
6685.6 666.1
6487.5 0
6506.5 4
6603.4 301.9
6685.6 384.1
6420.5 0
6439.5 4
6462.4 724.9
6544.6 807.1
6386.5 0
6405.5 4
6462.4 442.9
6544.6 525.1
6352.5 0
6371.5 4
6462.4 160.9
6544.6 243.1
6318.5 0
6337.5 4
6321.4 724.9
6403.6 807.1
6251.5 0
6270.5 4
6321.4 583.9
6403.6 666.1
6217.5 0
6236.5 4
6321.4 442.9
6403.6 525.1
6183.5 0
6202.5 4
6321.4 160.9
6403.6 243.1
6116.5 0
6135.5 4
6180.4 724.9
6262.6 807.1
6082.5 0
6101.5 4
6180.4 442.9
6262.6 525.1
6048.5 0
6067.5 4
6180.4 160.9
6262.6 243.1
5981.5 0
6000.5 4
6039.4 583.9
6121.6 666.1
5947.5 0
5966.5 4
6039.4 301.9
6121.6 384.1
5880.5 0
5899.5 4
5898.4 724.9
5980.6 807.1
5846.5 0
5865.5 4
5898.4 442.9
5980.6 525.1
5812.5 0
5831.5 4
8859.4 160.9
8941.6 243.1
8794.5 0
8813.5 4
8718.4 160.9
8800.6 243.1
8661.5 0
8680.5 4
8577.4 301.9
8659.6 384.1
8627.5 0
8646.5 4
8577.4 160.9
8659.6 243.1
8560.5 0
8579.5 4
8436.4 442.9
8518.6 525.1
8526.5 0
8545.5 4
8436.4 160.9
8518.6 243.1
8426.5 0
8445.5 4
8295.4 724.9
8377.6 807.1
8392.5 0
8411.5 4
8295.4 442.9
8377.6 525.1
8358.5 0
8377.5 4
8295.4 160.9
8377.6 243.1
8249 0
8268 4
8154.4 724.9
8236.6 807.1
8216 0
8235 4
8154.4 442.9
8236.6 525.1
8106.5 0
8125.5 4
8154.4 301.9
8236.6 384.1
8072.5 0
8091.5 4
8154.4 160.9
8236.6 243.1
8038.5 0
8057.5 4
8013.4 724.9
8095.6 807.1
8004.5 0
8023.5 4
8013.4 442.9
8095.6 525.1
7937.5 0
7956.5 4
8013.4 301.9
8095.6 384.1
7903.5 0
7922.5 4
8013.4 160.9
8095.6 243.1
7869.5 0
7888.5 4
7872.4 724.9
7954.6 807.1
7802.5 0
7821.5 4
7872.4 442.9
7954.6 525.1
7768.5 0
7787.5 4
7872.4 301.9
7954.6 384.1
7734.5 0
7753.5 4
7872.4 160.9
7954.6 243.1
7667.5 0
7686.5 4
117.4 160.9
199.6 243.1
258.4 160.9
340.6 243.1
399.4 160.9
481.6 243.1
9000.4 160.9
9082.6 243.1
258.4 301.9
340.6 384.1
399.4 301.9
481.6 384.1
540.4 301.9
622.6 384.1
1386.4 301.9
1468.6 384.1
2232.4 301.9
2314.6 384.1
6321.4 301.9
6403.6 384.1
8295.4 301.9
8377.6 384.1
8718.4 301.9
8800.6 384.1
8859.4 301.9
8941.6 384.1
117.4 442.9
199.6 525.1
399.4 442.9
481.6 525.1
540.4 442.9
622.6 525.1
681.4 442.9
763.6 525.1
963.4 442.9
1045.6 525.1
1245.4 442.9
1327.6 525.1
1527.4 442.9
1609.6 525.1
2091.4 442.9
2173.6 525.1
2373.4 442.9
2455.6 525.1
2655.4 442.9
2737.6 525.1
2937.4 442.9
3019.6 525.1
3219.4 442.9
3301.6 525.1
3501.4 442.9
3583.6 525.1
3783.4 442.9
3865.6 525.1
4065.4 442.9
4147.6 525.1
4347.4 442.9
4429.6 525.1
4629.4 442.9
4711.6 525.1
4911.4 442.9
4993.6 525.1
5193.4 442.9
5275.6 525.1
5475.4 442.9
5557.6 525.1
5757.4 442.9
5839.6 525.1
6039.4 442.9
6121.6 525.1
6603.4 442.9
6685.6 525.1
6885.4 442.9
6967.6 525.1
7449.4 442.9
7531.6 525.1
8577.4 442.9
8659.6 525.1
8718.4 442.9
8800.6 525.1
8859.4 442.9
8941.6 525.1
258.4 583.9
340.6 666.1
399.4 583.9
481.6 666.1
540.4 583.9
622.6 666.1
681.4 583.9
763.6 666.1
822.4 583.9
904.6 666.1
1104.4 583.9
1186.6 666.1
1386.4 583.9
1468.6 666.1
1950.4 583.9
2032.6 666.1
2232.4 583.9
2314.6 666.1
2514.4 583.9
2596.6 666.1
2796.4 583.9
2878.6 666.1
3078.4 583.9
3160.6 666.1
3360.4 583.9
3442.6 666.1
3642.4 583.9
3724.6 666.1
3924.4 583.9
4006.6 666.1
4206.4 583.9
4288.6 666.1
4488.4 583.9
4570.6 666.1
4770.4 583.9
4852.6 666.1
5052.4 583.9
5134.6 666.1
5334.4 583.9
5416.6 666.1
5616.4 583.9
5698.6 666.1
5898.4 583.9
5980.6 666.1
6180.4 583.9
6262.6 666.1
6462.4 583.9
6544.6 666.1
6744.4 583.9
6826.6 666.1
7026.4 583.9
7108.6 666.1
7308.4 583.9
7390.6 666.1
7590.4 583.9
7672.6 666.1
7731.4 583.9
7813.6 666.1
7872.4 583.9
7954.6 666.1
8013.4 583.9
8095.6 666.1
8154.4 583.9
8236.6 666.1
8295.4 583.9
8377.6 666.1
8436.4 583.9
8518.6 666.1
8577.4 583.9
8659.6 666.1
8718.4 583.9
8800.6 666.1
8859.4 583.9
8941.6 666.1
399.4 724.9
481.6 807.1
540.4 724.9
622.6 807.1
681.4 724.9
763.6 807.1
822.4 724.9
904.6 807.1
963.4 724.9
1045.6 807.1
1104.4 724.9
1186.6 807.1
1245.4 724.9
1327.6 807.1
1386.4 724.9
1468.6 807.1
1527.4 724.9
1609.6 807.1
1668.4 724.9
1750.6 807.1
1809.4 724.9
1891.6 807.1
1950.4 724.9
2032.6 807.1
2091.4 724.9
2173.6 807.1
2232.4 724.9
2314.6 807.1
2373.4 724.9
2455.6 807.1
2514.4 724.9
2596.6 807.1
2655.4 724.9
2737.6 807.1
2937.4 724.9
3019.6 807.1
3078.4 724.9
3160.6 807.1
3219.4 724.9
3301.6 807.1
3501.4 724.9
3583.6 807.1
3642.4 724.9
3724.6 807.1
3783.4 724.9
3865.6 807.1
4065.4 724.9
4147.6 807.1
4206.4 724.9
4288.6 807.1
4347.4 724.9
4429.6 807.1
4629.4 724.9
4711.6 807.1
4770.4 724.9
4852.6 807.1
4911.4 724.9
4993.6 807.1
5052.4 724.9
5134.6 807.1
5193.4 724.9
5275.6 807.1
5475.4 724.9
5557.6 807.1
5757.4 724.9
5839.6 807.1
6039.4 724.9
6121.6 807.1
6603.4 724.9
6685.6 807.1
6885.4 724.9
6967.6 807.1
7026.4 724.9
7108.6 807.1
7167.4 724.9
7249.6 807.1
7449.4 724.9
7531.6 807.1
8436.4 724.9
8518.6 807.1
8577.4 724.9
8659.6 807.1
8718.4 724.9
8800.6 807.1
