5898.4 160.9
5980.6 243.1
5778.5 0
5797.5 4
5757.4 583.9
5839.6 666.1
5711.5 0
5730.5 4
5757.4 301.9
5839.6 384.1
5677.5 0
5696.5 4
5616.4 724.9
5698.6 807.1
5643.5 0
5662.5 4
5616.4 442.9
5698.6 525.1
5609.5 0
5628.5 4
7731.4 724.9
7813.6 807.1
7633.5 0
7652.5 4
7731.4 442.9
7813.6 525.1
7566.5 0
7585.5 4
7731.4 301.9
7813.6 384.1
7532.5 0
7551.5 4
7731.4 160.9
7813.6 243.1
7498.5 0
7517.5 4
7590.4 724.9
7672.6 807.1
7464.5 0
7483.5 4
7590.4 442.9
7672.6 525.1
7364.5 0
7383.5 4
7590.4 301.9
7672.6 384.1
7330.5 0
7349.5 4
7590.4 160.9
7672.6 243.1
7296.5 0
7315.5 4
7449.4 583.9
7531.6 666.1
7229.5 0
7248.5 4
7449.4 301.9
7531.6 384.1
7195.5 0
7214.5 4
7308.4 724.9
7390.6 807.1
7161.5 0
7180.5 4
7308.4 442.9
7390.6 525.1
7094.5 0
7113.5 4
7308.4 160.9
7390.6 243.1
7060.5 0
7079.5 4
7167.4 583.9
7249.6 666.1
6960.5 0
6979.5 4
7167.4 442.9
7249.6 525.1
6926.5 0
6945.5 4
7167.4 301.9
7249.6 384.1
6892.5 0
6911.5 4
7167.4 160.9
7249.6 243.1
6858.5 0
6877.5 4
7026.4 442.9
7108.6 525.1
6791.5 0
6810.5 4
7026.4 160.9
7108.6 243.1
6757.5 0
6776.5 4
6885.4 583.9
6967.6 666.1
6723.5 0
6742.5 4
6885.4 301.9
6967.6 384.1
6656.5 0
6675.5 4
6744.4 724.9
6826.6 807.1
6622.5 0
6641.5 4
6744.4 442.9
6826.6 525.1
6588.5 0
6607.5 4
6744.4 160.9
6826.6 243.1
6521.5 0
6540.5 4
6603.4 583.9
6685.6 666.1
6487.5 0
6506.5 4
6603.4 301.9
6685.6 384.1
6420.5 0
6439.5 4
6462.4 724.9
6544.6 807.1
6386.5 0
6405.5 4
6462.4 442.9
6544.6 525.1
6352.5 0
6371.5 4
6462.4 160.9
6544.6 243.1
6318.5 0
6337.5 4
6321.4 724.9
6403.6 807.1
6251.5 0
6270.5 4
6321.4 583.9
6403.6 666.1
6217.5 0
6236.5 4
6321.4 442.9
6403.6 525.1
6183.5 0
6202.5 4
6321.4 160.9
6403.6 243.1
6116.5 0
6135.5 4
6180.4 724.9
6262.6 807.1
6082.5 0
6101.5 4
6180.4 442.9
6262.6 525.1
6048.5 0
6067.5 4
6180.4 160.9
6262.6 243.1
5981.5 0
6000.5 4
6039.4 583.9
6121.6 666.1
5947.5 0
5966.5 4
6039.4 301.9
6121.6 384.1
5880.5 0
5899.5 4
5898.4 724.9
5980.6 807.1
5846.5 0
5865.5 4
5898.4 442.9
5980.6 525.1
5812.5 0
5831.5 4
8859.4 160.9
8941.6 243.1
8794.5 0
8813.5 4
8718.4 160.9
8800.6 243.1
8661.5 0
8680.5 4
8577.4 301.9
8659.6 384.1
8627.5 0
8646.5 4
8577.4 160.9
8659.6 243.1
8560.5 0
8579.5 4
8436.4 442.9
8518.6 525.1
8526.5 0
8545.5 4
8436.4 160.9
8518.6 243.1
8426.5 0
8445.5 4
8295.4 724.9
8377.6 807.1
8392.5 0
8411.5 4
8295.4 442.9
8377.6 525.1
8358.5 0
8377.5 4
8295.4 160.9
8377.6 243.1
8249 0
8268 4
8154.4 724.9
8236.6 807.1
8216 0
8235 4
8154.4 442.9
8236.6 525.1
8106.5 0
8125.5 4
8154.4 301.9
8236.6 384.1
8072.5 0
8091.5 4
8154.4 160.9
8236.6 243.1
8038.5 0
8057.5 4
8013.4 724.9
8095.6 807.1
8004.5 0
8023.5 4
8013.4 442.9
8095.6 525.1
7937.5 0
7956.5 4
8013.4 301.9
8095.6 384.1
7903.5 0
7922.5 4
8013.4 160.9
8095.6 243.1
7869.5 0
7888.5 4
7872.4 724.9
7954.6 807.1
7802.5 0
7821.5 4
7872.4 442.9
7954.6 525.1
7768.5 0
7787.5 4
7872.4 301.9
7954.6 384.1
7734.5 0
7753.5 4
7872.4 160.9
7954.6 243.1
7667.5 0
7686.5 4
9000.4 160.9
9082.6 243.1
6321.4 301.9
6403.6 384.1
8295.4 301.9
8377.6 384.1
8718.4 301.9
8800.6 384.1
8859.4 301.9
8941.6 384.1
5475.4 442.9
5557.6 525.1
5757.4 442.9
5839.6 525.1
6039.4 442.9
6121.6 525.1
6603.4 442.9
6685.6 525.1
6885.4 442.9
6967.6 525.1
7449.4 442.9
7531.6 525.1
8577.4 442.9
8659.6 525.1
8718.4 442.9
8800.6 525.1
8859.4 442.9
8941.6 525.1
5616.4 583.9
5698.6 666.1
5898.4 583.9
5980.6 666.1
6180.4 583.9
6262.6 666.1
6462.4 583.9
6544.6 666.1
6744.4 583.9
6826.6 666.1
7026.4 583.9
7108.6 666.1
7308.4 583.9
7390.6 666.1
7590.4 583.9
7672.6 666.1
7731.4 583.9
7813.6 666.1
7872.4 583.9
7954.6 666.1
8013.4 583.9
8095.6 666.1
8154.4 583.9
8236.6 666.1
8295.4 583.9
8377.6 666.1
8436.4 583.9
8518.6 666.1
8577.4 583.9
8659.6 666.1
8718.4 583.9
8800.6 666.1
8859.4 583.9
8941.6 666.1
5757.4 724.9
5839.6 807.1
6039.4 724.9
6121.6 807.1
6603.4 724.9
6685.6 807.1
6885.4 724.9
6967.6 807.1
7026.4 724.9
7108.6 807.1
7167.4 724.9
7249.6 807.1
7449.4 724.9
7531.6 807.1
8436.4 724.9
8518.6 807.1
8577.4 724.9
8659.6 807.1
8718.4 724.9
8800.6 807.1
